#************************************************************************************
Insyde H2OUVE (UEFI Variable Editor) Version 200.00.01.00
Copyright (c) 2012 - 2018, Insyde Software Corp. All Rights Reserved.

#************************************************************************************
#  Please follow file format to modify variable information.
#
#  File Format:
#
#   [Index] Variable Name
#          GUID: XXXXXXXX-XXXX-XXXX-XXXX-XXXXXXXXXXXX
#          Attributes: 0xXX
#          DataSize: 0xXX
#          Data:
#                00000000: XX XX XX XX XX XX XX XX XX XX XX XX XX XX XX XX 
#                00000010: XX XX XX XX XX XX XX XX XX XX XX XX XX XX XX XX 
#                 .....                         .....
#  
#  1. Index is a number in Hex.
#  2. The number of data must be equal to datasize.(Except datasize = 0)
#  3. "X") represents a hex number.
#
#  Delete Variable:
#    Please modify datasize or Attributes value to zero.
#
#************************************************************************************

 [001] "CpuSetup"
      GUID: B08F97FF-E6E8-4193-A997-5E9E9B0ADB32
      Attributes: 0x7
      DataSize: 0x29D
      Data:
            00000000: 00 17 17 00 01 01 00 00 00 01 01 01 00 00 01 01 
            00000010: 01 01 00 00 00 00 00 00 01 00 00 00 00 00 00 00 
            00000020: 00 00 00 00 01 01 B8 7C 02 00 00 00 01 D8 47 03 
            00000030: 00 00 01 E0 93 04 00 01 01 03 03 00 00 01 00 00 
            00000040: 00 00 00 00 04 01 FF 02 02 02 02 02 76 00 94 00 
            00000050: FA 00 4C 01 F2 03 08 4C 01 00 F8 A1 01 00 00 00 
            00000060: 00 00 00 00 00 00 00 00 00 00 00 00 00 00 00 00 
            00000070: 00 00 00 00 00 01 01 00 00 00 06 00 00 00 00 00 
            00000080: 00 00 00 00 00 00 00 00 00 00 00 00 00 00 00 00 
            00000090: 00 00 00 00 00 00 00 00 00 00 00 00 00 00 00 00 
            000000A0: 00 00 00 00 00 00 00 00 00 00 00 00 00 00 00 00 
            000000B0: 00 00 00 00 01 01 01 01 00 00 01 01 00 00 00 00 
            000000C0: 00 00 00 01 01 00 01 01 17 33 32 31 30 2F 2E 2D 
            000000D0: 2B 33 32 31 30 2F 2E 2D 2B 00 01 00 01 02 01 01 
            000000E0: 00 00 00 00 00 00 00 00 00 00 00 02 00 FF 00 00 
            000000F0: 00 03 00 00 50 0A 01 01 00 01 01 06 04 6E 00 00 
            00000100: 00 0E 01 00 00 06 04 6E 00 00 00 0E 01 00 00 50 
            00000110: 00 50 00 00 00 50 00 50 00 14 00 12 00 00 00 13 
            00000120: 00 14 00 04 00 04 00 00 00 04 00 04 00 01 01 00 
            00000130: 01 01 01 01 00 01 01 00 00 00 00 00 00 00 00 00 
            00000140: 00 00 00 00 00 00 00 00 00 00 00 2C 00 30 02 00 
            00000150: 00 80 00 00 00 F0 05 B8 06 00 00 F0 05 00 00 50 
            00000160: 00 B0 02 00 00 C8 00 00 00 01 01 00 01 01 01 01 
            00000170: 00 01 01 00 00 00 00 00 00 00 00 00 00 00 00 00 
            00000180: 00 00 00 00 00 00 00 00 00 00 00 00 00 00 00 00 
            00000190: 00 00 00 00 00 00 00 00 00 00 00 00 00 00 00 02 
            000001A0: 00 00 00 00 00 00 00 00 00 00 00 00 00 00 00 00 
            000001B0: 00 00 00 00 00 01 00 00 00 00 00 00 00 00 00 00 
            000001C0: 00 00 00 00 00 00 00 00 00 00 00 02 00 00 00 00 
            000001D0: 00 00 00 00 00 00 00 00 00 00 00 00 00 00 00 03 
            000001E0: 00 00 00 01 00 00 00 00 03 03 00 00 01 00 00 00 
            000001F0: 00 00 00 00 00 00 00 01 01 00 00 00 00 00 00 00 
            00000200: 00 00 00 00 00 00 00 00 00 14 05 00 FC 03 00 00 
            00000210: 1A 04 00 E2 04 00 00 FC 03 00 00 B6 03 00 02 4E 
            00000220: 00 00 01 00 0C 00 00 00 00 00 00 00 00 00 00 00 
            00000230: 00 00 00 00 00 00 00 00 00 00 00 00 00 00 00 00 
            00000240: 00 00 00 00 00 00 00 00 00 00 00 00 00 00 00 00 
            00000250: 00 00 00 00 00 00 00 00 00 00 00 00 00 00 00 00 
            00000260: 00 00 00 00 00 00 00 00 00 00 00 00 00 00 00 00 
            00000270: 00 00 00 00 00 00 00 00 00 00 00 00 00 00 00 00 
            00000280: 00 00 00 00 00 00 00 00 00 00 00 00 00 00 00 00 
            00000290: 00 00 00 00 00 00 00 00 00 00 00 00 00 

